1	-2.9909	1
2	-9.7952e-07	1
3	2.9909	1
4	2.7713	1
5	-0.6	1
6	-3.8105	1
7	-3.5909	1
8	-8.3259e-06	1
9	3.5909	1
10	3.8105	1
11	0.6	1
12	-2.7713	1
13	-2.9909	1
14	-9.7952e-07	1
15	2.9909	1
16	2.7713	1
17	-0.6	1
18	-3.8105	1
19	-3.5909	1
20	-8.3259e-06	1
21	3.5909	1
22	3.8105	1
23	0.6	1
24	-2.7713	1
25	-2.9909	1
26	-9.7952e-07	1
27	2.9909	1
28	2.7713	1
29	-0.6	1
30	-3.8105	1
31	-3.5909	1
32	-8.3259e-06	1
33	3.5909	1
34	3.8105	1
35	0.6	1
36	-2.7713	1
37	-2.9909	1
38	-9.7952e-07	1
39	2.9909	1
40	2.7713	1
41	-0.6	1
42	-3.8105	1
43	-3.5909	1
44	-8.3259e-06	1
45	3.5909	1
46	3.8105	1
47	0.6	1
48	-2.7713	1
49	-2.9909	1
50	-9.7952e-07	1
51	2.9909	1
52	2.7713	1
53	-0.6	1
54	-3.8105	1
55	-3.5909	1
56	-8.3259e-06	1
57	3.5909	1
58	3.8105	1
59	0.6	1
60	-2.7713	1
61	-2.9909	1
62	-9.7952e-07	1
63	2.9909	1
64	2.7713	1
65	-0.6	1
66	-3.8105	1
67	-3.5909	1
68	-8.3259e-06	1
69	3.5909	1
70	3.8105	1
71	0.6	1
72	-2.7713	1
73	-2.9909	1
74	-9.7952e-07	1
75	2.9909	1
76	2.7713	1
77	-0.6	1
78	-3.8105	1
79	-3.5909	1
80	-8.3259e-06	1
81	3.5909	1
82	3.8105	1
83	0.6	1
84	-2.7713	1
85	-2.9909	1
86	-9.7952e-07	1
87	2.9909	1
88	2.7713	1
89	-0.6	1
90	-3.8105	1
91	-3.5909	1
92	-8.3259e-06	1
93	3.5909	1
94	3.8105	1
95	0.6	1
96	-2.7713	1
97	-2.9909	1
98	-9.7952e-07	1
99	2.9909	1
100	2.7713	1
101	-0.6	1
102	-3.8105	1
103	-3.5909	1
104	-8.3259e-06	1
105	3.5909	1
106	3.8105	1
107	0.6	1
108	-2.7713	1
109	-2.9909	1
110	-9.7952e-07	1
111	2.9909	1
112	2.7713	1
113	-0.6	1
114	-3.8105	1
115	-3.5909	1
116	-8.3259e-06	1
117	3.5909	1
118	3.8105	1
119	0.6	1
120	-2.7713	1
121	-2.9909	1
122	-9.7952e-07	1
123	2.9909	1
124	2.7713	1
125	-0.6	1
126	-3.8105	1
127	-3.5909	1
128	-8.3259e-06	1
129	3.5909	1
130	3.8105	1
131	0.6	1
132	-2.7713	1
133	-2.9909	1
134	-9.7952e-07	1
135	2.9909	1
136	2.7713	1
137	-0.6	1
138	-3.8105	1
139	-3.5909	1
140	-8.3259e-06	1
141	3.5909	1
142	3.8105	1
143	0.6	1
144	-2.7713	1
145	-2.9909	1
146	-9.7952e-07	1
147	2.9909	1
148	2.7713	1
149	-0.6	1
150	-3.8105	1
151	-3.5909	1
152	-8.3259e-06	1
153	3.5909	1
154	3.8105	1
155	0.6	1
156	-2.7713	1
157	-2.9909	1
158	-9.7952e-07	1
159	2.9909	1
160	2.7713	1
161	-0.6	1
162	-3.8105	1
163	-3.5909	1
164	-8.3259e-06	1
165	3.5909	1
166	3.8105	1
167	0.6	1
168	-2.7713	1
169	-2.9909	1
170	-9.7952e-07	1
171	2.9909	1
172	2.7713	1
173	-0.6	1
174	-3.8105	1
175	-3.5909	1
176	-8.3259e-06	1
177	3.5909	1
178	3.8105	1
179	0.6	1
180	-2.7713	1
181	-2.9909	1
182	-9.7952e-07	1
183	2.9909	1
184	2.7713	1
185	-0.6	1
186	-3.8105	1
187	-3.5909	1
188	-8.3259e-06	1
189	3.5909	1
190	3.8105	1
191	0.6	1
192	-2.7713	1
193	-2.9909	1
194	-9.7952e-07	1
195	2.9909	1
196	2.7713	1
197	-0.6	1
198	-3.8105	1
199	-3.5909	1
200	-8.3259e-06	1
201	3.5909	1
202	3.8105	1
203	0.6	1
204	-2.7713	1
205	-2.9909	1
206	-9.7952e-07	1
207	2.9909	1
208	2.7713	1
209	-0.6	1
210	-3.8105	1
211	-3.5909	1
212	-8.3259e-06	1
213	3.5909	1
214	3.8105	1
215	0.6	1
216	-2.7713	1
217	-2.9909	1
218	-9.7952e-07	1
219	2.9909	1
220	2.7713	1
221	-0.6	1
222	-3.8105	1
223	-3.5909	1
224	-8.3259e-06	1
225	3.5909	1
226	3.8105	1
227	0.6	1
228	-2.7713	1
229	-2.9909	1
230	-9.7952e-07	1
231	2.9909	1
232	2.7713	1
233	-0.6	1
234	-3.8105	1
235	-3.5909	1
236	-8.3259e-06	1
237	3.5909	1
238	3.8105	1
239	0.6	1
240	-2.7713	1
241	-2.9909	1
242	-9.7952e-07	1
243	2.9909	1
244	2.7713	1
245	-0.6	1
246	-3.8105	1
247	-3.5909	1
248	-8.3259e-06	1
249	3.5909	1
250	3.8105	1
251	0.6	1
252	-2.7713	1
253	-2.9909	1
254	-9.7952e-07	1
255	2.9909	1
256	2.7713	1
257	-0.6	1
258	-3.8105	1
259	-3.5909	1
260	-8.3259e-06	1
261	3.5909	1
262	3.8105	1
263	0.6	1
264	-2.7713	1
265	-2.9909	1
266	-9.7952e-07	1
267	2.9909	1
268	2.7713	1
269	-0.6	1
270	-3.8105	1
271	-3.5909	1
272	-8.3259e-06	1
273	3.5909	1
274	3.8105	1
275	0.6	1
276	-2.7713	1
277	-2.9909	1
278	-9.7952e-07	1
279	2.9909	1
280	2.7713	1
281	-0.6	1
282	-3.8105	1
283	-3.5909	1
284	-8.3259e-06	1
285	3.5909	1
286	3.8105	1
287	0.6	1
288	-2.7713	1
289	-2.9909	1
290	-9.7952e-07	1
291	2.9909	1
292	2.7713	1
293	-0.6	1
294	-3.8105	1
295	-3.5909	1
296	-8.3259e-06	1
297	3.5909	1
298	3.8105	1
299	0.6	1
300	-2.7713	1
